35,69
35,2
35,0
36,2
31,4
37,2
36,5
37,6
37,4
38,35
27,5
33,4
28,4
28,1
28,3
37,7
32,4
32,1
32,3
33,5
33,1
33,3
36,4
36,1
36,3
30,4
31,1
31,3
30,5
30,1
30,3
29,1
29,3
37,5
37,1
37,3
35,4
27,4
27,1
27,3
26,4
26,1
26,3
14,5
35,5
35,3
3,2
3,1
3,3
10,174
10,262
10,32
10,260
10,114
10,316
10,290
10,1
10,254
10,2
10,3
11,22
11,11
11,27
11,16
11,29
11,1
11,5
11,2
11,3
9,7
9,6
9,1
9,4
9,2
9,3
8,15
8,12
8,14
8,8
8,11
8,4
8,1
8,5
8,2
8,3
0,318
12,2
12,1
12,3
20,2
20,1
20,3
19,2
19,1
19,3
18,1
18,3
14,1
14,4
14,3
13,1
13,3
2,2
2,1
2,3
35,68
35,67
35,66
35,65
35,64
35,37
35,36
35,35
35,34
